25   13   20
12   13   25
11   25   26
12   13   14
3   10   11
11   12   25
3   11   12
10   11   26
13   14   20
9   10   24
3   5   10
24   10   26
5   9   10
1   12   14
3   4   5
2   4   5
3   4   12
1   4   12
2   5   8
8   5   9
8   9   21
14   15   20
9   21   24
1   2   4
2   7   19
2   6   8
0   1   19
6   8   21
1   2   19
1   14   15
2   6   7
22   6   21
6   7   22
0   7   19
7   18   23
0   7   23
7   18   22
18   22   21
1   15   16
0   16   17
0   17   23
15   16   17
17   18   23
0   1   16
