18   19   31
19   30   31
17   18   19
19   22   30
29   30   31
23   29   30
24   25   28
22   23   30
21   22   23
12   24   29
24   29   31
17   19   22
28   24   31
12   23   29
12   21   23
17   20   22
12   13   26
12   24   25
12   21   26
11   25   28
9   11   25
20   21   26
10   11   27
27   11   28
4   27   28
9   10   11
14   20   26
4   10   27
4   28   31
5   7   10
9   13   25
12   13   25
8   9   13
7   8   9
7   9   10
4   5   10
20   21   22
15   17   20
14   15   20
13   14   26
5   6   7
1   8   14
8   13   14
1   14   16
14   15   16
2   6   7
2   7   8
6   5   4
1   3   8
16   17   18
2   3   8
15   16   17
2   3   6
0   1   16
16   0   18
0   1   3
0   3   6
0   6   4
